15 15
1713
11 90 165 9 227 244 7 244 253 10 253 261 8 308 321 3 442 536 12 759 836 14 930 938 2 1013 1067 5 1067 1154 4 1194 1236 1 1236 1254 6 1254 1291 0 1356 1426 13 1426 1461 
2 0 4 14 369 395 8 395 482 6 482 501 13 726 782 7 782 844 9 844 913 5 971 997 4 1007 1100 12 1100 1148 11 1148 1193 10 1195 1288 3 1307 1399 1 1411 1510 0 1510 1593 
11 0 47 3 73 96 9 121 181 12 386 406 0 434 449 4 567 662 8 662 744 7 844 850 6 850 893 5 893 971 2 1067 1135 14 1135 1218 13 1409 1416 1 1510 1543 10 1543 1616 
6 183 258 5 258 319 9 319 408 0 408 434 12 434 465 14 950 1037 10 1105 1195 7 1195 1275 11 1275 1342 1 1342 1393 13 1393 1409 4 1409 1505 3 1505 1514 8 1595 1610 2 1610 1645 
1 0 74 10 74 164 0 165 175 13 207 258 14 332 369 4 502 538 5 657 688 6 688 773 3 773 866 12 886 966 7 1003 1010 9 1157 1163 8 1174 1230 2 1241 1280 11 1400 1487 
3 0 73 12 73 138 7 138 190 5 190 219 10 261 352 1 352 383 11 475 509 13 509 526 6 773 846 4 931 1007 2 1007 1013 8 1013 1096 0 1260 1356 14 1356 1453 9 1453 1466 
9 0 5 0 5 99 8 121 217 3 217 247 11 247 298 14 298 332 4 332 353 6 399 467 13 526 615 12 615 648 2 753 803 10 803 892 1 1027 1118 7 1278 1335 5 1360 1374 
10 164 191 4 191 269 6 269 289 0 289 342 7 342 391 11 391 475 1 475 563 9 580 668 5 753 836 13 845 863 3 866 898 14 938 950 2 1135 1217 8 1365 1373 12 1389 1485 
14 142 158 13 158 186 9 186 227 12 227 289 6 289 293 4 293 316 11 509 537 2 537 619 1 710 788 10 892 941 7 941 1003 0 1012 1022 3 1224 1280 8 1280 1365 5 1374 1404 
9 91 121 3 121 151 4 538 567 11 567 627 2 627 667 13 667 726 12 726 759 1 1020 1027 0 1075 1168 7 1275 1278 14 1278 1298 5 1298 1360 10 1406 1441 8 1441 1507 6 1507 1573 
8 0 85 14 85 142 12 289 386 11 386 389 3 389 442 4 442 502 9 502 580 0 580 645 5 997 1047 13 1047 1077 10 1077 1105 1 1118 1197 6 1197 1221 2 1221 1241 7 1335 1342 
7 0 32 9 32 91 8 91 121 6 501 555 5 641 657 2 803 857 14 925 930 0 930 1012 1 1012 1020 13 1020 1037 4 1142 1194 3 1194 1224 12 1224 1314 11 1342 1400 10 1400 1406 
0 99 165 6 165 183 14 183 225 11 225 233 5 319 407 7 407 468 10 468 548 2 667 753 13 782 845 4 852 931 9 931 976 8 1096 1174 3 1280 1307 12 1314 1389 1 1393 1411 
10 191 192 9 244 310 13 310 385 7 468 503 14 503 571 5 571 641 1 653 710 3 710 768 12 836 886 2 886 907 11 907 976 4 1100 1142 0 1168 1260 6 1291 1378 8 1507 1595 
11 47 90 13 186 207 8 217 308 6 308 399 7 503 602 1 602 653 5 688 753 4 753 852 14 852 925 3 925 1016 10 1016 1048 0 1048 1075 9 1075 1157 12 1485 1529 2 1645 1713 
