15 15
1248
7 117 126 11 126 201 9 222 239 8 309 322 10 338 346 12 406 483 3 557 651 6 654 691 2 728 782 1 850 868 14 872 880 5 931 1018 4 1018 1060 0 1085 1155 13 1155 1190 
2 0 4 6 286 305 8 322 409 7 409 471 13 518 574 14 574 600 9 600 669 11 669 714 12 714 762 4 762 855 5 855 881 10 881 974 1 974 1073 3 1073 1165 0 1165 1248 
11 0 47 9 121 181 12 279 299 3 299 322 4 373 468 8 468 550 0 550 565 7 565 571 6 571 614 5 715 793 2 793 861 14 1006 1089 13 1089 1096 1 1096 1129 10 1129 1202 
6 18 93 5 146 207 12 299 330 9 337 426 0 477 503 7 663 743 10 771 861 1 868 919 14 919 1006 13 1006 1022 11 1022 1089 2 1089 1124 4 1124 1220 3 1220 1229 8 1229 1244 
13 49 100 1 100 174 0 174 184 10 184 274 4 274 310 6 359 444 5 444 475 14 523 560 12 566 646 7 656 663 3 726 819 8 819 875 2 994 1033 9 1040 1046 11 1147 1234 
12 0 65 7 65 117 5 117 146 1 174 205 3 205 278 13 278 295 10 346 437 11 437 471 6 471 544 8 550 633 4 646 722 2 722 728 0 989 1085 14 1109 1206 9 1206 1219 
9 0 5 0 5 99 4 101 122 8 122 218 6 218 286 11 286 337 12 337 370 13 370 459 3 459 489 14 489 523 2 523 573 10 573 662 1 662 753 7 753 810 5 1171 1185 
4 0 78 6 93 113 7 126 175 1 205 293 10 293 320 11 340 424 0 424 477 9 504 592 5 632 715 3 819 851 13 851 869 14 880 892 2 892 974 8 974 982 12 1012 1108 
13 0 28 4 78 101 6 113 117 12 117 179 9 181 222 2 222 304 14 336 352 11 471 499 1 516 594 7 594 656 10 662 711 0 717 727 8 875 960 3 988 1044 5 1185 1215 
9 91 121 2 304 344 4 344 373 12 373 406 3 406 436 13 459 518 11 518 578 1 635 642 7 743 746 0 770 863 8 982 1048 10 1048 1083 14 1089 1109 5 1109 1171 6 1171 1237 
8 0 85 4 122 182 12 182 279 14 279 336 11 337 340 9 426 504 3 504 557 0 565 630 6 630 654 10 743 771 1 771 850 5 881 931 13 931 961 2 974 994 7 994 1001 
7 0 32 9 32 91 8 91 121 6 305 359 5 408 424 2 573 627 1 627 635 0 635 717 12 762 852 14 867 872 13 872 889 4 897 949 3 958 988 10 988 994 11 1089 1147 
6 0 18 0 99 165 7 175 236 11 236 244 5 244 332 14 352 394 2 394 480 10 480 560 4 567 646 8 646 724 13 724 787 9 787 832 1 919 937 12 937 1012 3 1044 1071 
13 100 175 7 236 271 9 271 337 10 337 338 5 338 408 1 459 516 12 516 566 11 578 647 2 647 668 3 668 726 14 726 794 4 855 897 0 897 989 6 989 1076 8 1076 1164 
13 28 49 11 49 92 6 117 208 8 218 309 7 309 408 1 408 459 4 468 567 5 567 632 10 711 743 0 743 770 14 794 867 3 867 958 9 958 1040 12 1108 1152 2 1152 1220 
