15 15
1388
10 118 126 11 126 201 7 250 259 9 259 276 8 349 362 3 409 503 12 503 580 1 909 927 14 927 935 2 935 989 6 989 1026 13 1026 1061 5 1061 1148 4 1148 1190 0 1190 1260 
2 0 4 6 326 345 14 427 453 8 453 540 13 622 678 7 678 740 9 740 809 12 809 857 4 857 950 5 950 976 11 976 1021 10 1021 1114 1 1114 1213 3 1213 1305 0 1305 1388 
11 0 47 9 121 181 3 181 204 12 260 280 4 385 480 0 579 594 8 594 676 7 740 746 5 826 904 6 904 947 13 994 1001 2 1001 1069 14 1081 1164 1 1213 1246 10 1281 1354 
6 18 93 5 94 155 12 280 311 9 464 553 0 553 579 10 830 920 1 927 978 13 978 994 14 994 1081 7 1081 1161 11 1161 1228 2 1228 1263 4 1263 1359 3 1359 1368 8 1368 1383 
10 0 90 1 90 164 0 165 175 13 175 226 4 320 356 14 390 427 5 427 458 6 458 543 3 614 707 12 707 787 8 932 988 7 988 995 9 995 1001 2 1183 1222 11 1286 1373 
12 0 65 5 65 94 3 94 167 1 167 198 7 198 250 10 250 341 13 398 415 11 561 595 4 661 737 8 737 820 2 820 826 6 826 899 0 1087 1183 14 1246 1343 9 1343 1356 
9 0 5 0 5 99 4 101 122 8 122 218 6 258 326 3 326 356 14 356 390 12 390 423 11 423 474 13 474 563 2 582 632 10 632 721 1 721 812 7 1164 1221 5 1226 1240 
4 0 78 10 90 117 6 117 137 1 198 286 7 286 335 0 335 388 11 477 561 9 631 719 5 743 826 13 826 844 3 844 876 14 935 947 8 1073 1081 2 1081 1163 12 1163 1259 
13 0 28 4 78 101 12 101 163 6 163 167 14 167 183 9 183 224 2 224 306 1 521 599 10 721 770 11 770 798 0 798 808 7 808 870 8 988 1073 3 1105 1161 5 1240 1270 
9 91 121 3 204 234 4 356 385 12 423 456 2 456 496 13 563 622 1 622 629 11 798 858 0 902 995 8 1081 1147 7 1161 1164 5 1164 1226 14 1226 1246 10 1246 1281 6 1322 1388 
8 0 85 14 85 142 12 163 260 4 260 320 3 356 409 11 474 477 9 553 631 0 631 696 10 802 830 1 830 909 13 909 939 6 947 971 5 976 1026 2 1163 1183 7 1221 1228 
7 0 32 9 32 91 8 91 121 5 323 339 6 345 399 1 599 607 2 632 686 0 696 778 13 844 861 14 875 880 12 880 970 4 992 1044 3 1075 1105 10 1114 1120 11 1228 1286 
6 0 18 0 99 165 5 165 253 14 253 295 11 295 303 10 341 421 7 421 482 2 496 582 4 582 661 13 678 741 9 809 854 8 854 932 12 970 1045 1 1045 1063 3 1161 1188 
10 117 118 5 253 323 13 323 398 9 398 464 1 464 521 7 521 556 3 556 614 12 614 664 2 686 707 14 707 775 11 858 927 4 950 992 0 995 1087 8 1147 1235 6 1235 1322 
13 28 49 11 49 92 6 167 258 8 258 349 1 349 400 4 480 579 7 579 678 5 678 743 10 770 802 14 802 875 0 875 902 9 902 984 3 984 1075 2 1263 1331 12 1331 1375 
