15 15
1617
7 125 134 11 134 209 9 362 379 8 415 428 3 428 522 2 631 685 1 823 841 10 841 849 12 849 926 14 1045 1053 6 1053 1090 5 1090 1177 4 1356 1398 0 1464 1534 13 1534 1569 
2 0 4 8 428 515 13 515 571 6 586 605 14 657 683 7 769 831 4 900 993 5 993 1019 12 1056 1104 11 1104 1149 3 1149 1241 9 1242 1311 1 1311 1410 10 1410 1503 0 1534 1617 
11 0 47 3 73 96 9 261 321 0 352 367 4 367 462 12 532 552 8 552 634 2 685 753 7 831 837 6 837 880 5 880 958 13 1092 1099 14 1179 1262 1 1410 1443 10 1544 1617 
6 18 93 5 154 215 0 326 352 12 552 583 1 841 892 7 907 987 9 987 1076 13 1076 1092 14 1092 1179 11 1179 1246 10 1269 1359 3 1359 1368 4 1398 1494 2 1494 1529 8 1529 1544 
1 0 74 10 74 164 13 164 215 0 215 225 4 269 305 5 468 499 14 620 657 6 666 751 3 751 844 8 844 900 7 900 907 12 976 1056 2 1174 1213 11 1304 1391 9 1438 1444 
3 0 73 7 73 125 5 125 154 1 154 185 13 290 307 12 307 372 11 519 553 2 625 631 8 634 717 6 751 824 4 824 900 10 900 991 0 1368 1464 14 1464 1561 9 1561 1574 
9 0 5 0 5 99 4 101 122 3 126 156 8 172 268 11 294 345 13 345 434 2 468 518 6 518 586 14 586 620 12 620 653 1 653 744 10 1071 1160 7 1163 1220 5 1344 1358 
4 0 78 6 93 113 7 134 183 1 185 273 0 273 326 11 435 519 5 571 654 10 654 681 13 681 699 3 844 876 8 985 993 14 1053 1065 2 1065 1147 9 1154 1242 12 1269 1365 
13 0 28 14 57 73 4 78 101 2 101 183 6 183 187 9 321 362 12 372 434 1 509 587 0 587 597 11 597 625 7 837 899 8 900 985 3 997 1053 10 1160 1209 5 1358 1388 
3 96 126 2 183 223 9 231 261 4 305 334 13 434 493 1 612 619 11 625 685 12 685 718 8 993 1059 0 1067 1160 7 1160 1163 14 1262 1282 5 1282 1344 6 1344 1410 10 1509 1544 
14 0 57 8 57 142 3 156 209 4 209 269 0 367 432 11 432 435 12 435 532 1 744 823 13 823 853 6 880 904 5 1019 1069 9 1076 1154 2 1154 1174 10 1241 1269 7 1269 1276 
7 0 32 8 142 172 9 172 231 5 452 468 0 468 550 2 550 604 1 604 612 6 612 666 13 699 716 3 967 997 14 1040 1045 12 1104 1194 11 1246 1304 4 1304 1356 10 1503 1509 
6 0 18 0 99 165 7 183 244 14 244 286 11 286 294 5 294 382 2 382 468 13 571 634 4 670 749 8 749 827 10 991 1071 3 1071 1098 12 1194 1269 1 1269 1287 9 1311 1356 
13 215 290 7 290 325 5 382 452 1 452 509 3 522 580 2 604 625 10 681 682 14 683 751 9 751 817 12 926 976 11 976 1045 8 1059 1147 6 1147 1234 4 1234 1276 0 1276 1368 
13 28 49 11 49 92 1 273 324 8 324 415 6 415 506 5 506 571 4 571 670 7 670 769 3 876 967 14 967 1040 0 1040 1067 10 1209 1241 9 1356 1438 12 1438 1482 2 1529 1597 
