15 15
1561
9 195 212 11 212 287 10 287 295 7 392 401 3 489 583 8 604 617 5 682 769 14 773 781 2 781 835 12 835 912 4 1065 1107 1 1107 1125 6 1125 1162 13 1162 1197 0 1361 1431 
2 0 4 14 358 384 5 606 632 8 632 719 13 749 805 6 805 824 4 824 917 7 917 979 9 979 1048 12 1048 1096 11 1149 1194 10 1194 1287 3 1287 1379 1 1379 1478 0 1478 1561 
11 0 47 9 94 154 3 268 291 4 319 414 12 436 456 0 513 528 5 528 606 8 719 801 2 835 903 14 903 986 7 986 992 6 1036 1079 13 1079 1086 10 1360 1433 1 1478 1511 
5 29 90 6 90 165 12 456 487 0 487 513 9 518 607 14 793 880 13 933 949 10 1052 1142 1 1142 1193 11 1194 1261 7 1261 1341 4 1341 1437 2 1445 1480 3 1480 1489 8 1514 1529 
10 0 90 1 90 164 13 164 215 0 244 254 4 254 290 5 290 321 14 321 358 3 641 734 6 878 963 12 963 1043 7 1082 1089 8 1089 1145 11 1319 1406 2 1406 1445 9 1483 1489 
5 0 29 12 29 94 1 164 195 3 195 268 13 323 340 7 340 392 10 392 483 4 642 718 2 758 764 11 764 798 8 801 884 6 963 1036 14 1036 1133 0 1265 1361 9 1489 1502 
9 0 5 0 5 99 4 124 145 14 286 320 11 320 371 3 371 401 8 401 497 13 497 586 12 586 619 2 619 669 6 695 763 1 763 854 10 854 943 5 943 957 7 1429 1486 
4 0 78 10 90 117 1 195 283 0 283 336 6 336 356 5 399 482 7 482 531 11 531 615 14 781 793 3 793 825 13 868 886 9 886 974 2 974 1056 8 1230 1238 12 1261 1357 
14 57 73 13 73 101 4 101 124 9 154 195 2 195 277 12 277 339 6 356 360 1 575 653 0 675 685 10 943 992 11 992 1020 7 1020 1082 3 1082 1138 8 1145 1230 5 1230 1260 
9 64 94 4 290 319 3 319 349 2 349 389 12 619 652 1 683 690 13 690 749 5 769 831 14 986 1006 11 1020 1080 0 1080 1173 10 1325 1360 8 1360 1426 7 1426 1429 6 1429 1495 
14 0 57 8 57 142 4 145 205 12 339 436 3 436 489 11 489 492 0 528 593 5 632 682 9 682 760 13 903 933 1 933 1012 10 1024 1052 2 1056 1076 6 1079 1103 7 1486 1493 
9 5 64 8 142 172 5 248 264 7 264 296 0 593 675 1 675 683 2 683 737 14 768 773 6 824 878 13 886 903 3 983 1013 4 1013 1065 12 1096 1186 11 1261 1319 10 1319 1325 
6 0 18 5 90 178 0 178 244 14 244 286 11 287 295 2 389 475 10 483 563 4 563 642 7 642 703 13 805 868 8 884 962 9 1048 1093 3 1138 1165 12 1186 1261 1 1261 1279 
10 117 118 5 178 248 13 248 323 14 384 452 9 452 518 1 518 575 3 583 641 2 737 758 7 758 793 12 912 962 4 962 1004 11 1080 1149 0 1173 1265 6 1265 1352 8 1426 1514 
11 47 90 13 101 122 1 283 334 5 334 399 4 414 513 8 513 604 6 604 695 14 695 768 7 793 892 3 892 983 10 992 1024 0 1024 1051 12 1357 1401 9 1401 1483 2 1483 1551 
