15 15
1340
11 90 165 10 165 173 7 250 259 9 318 335 8 335 348 3 371 465 12 558 635 2 724 778 14 844 852 5 852 939 1 939 957 4 1022 1064 6 1064 1101 0 1158 1228 13 1228 1263 
2 0 4 8 348 435 14 435 461 13 501 557 5 557 583 6 593 612 9 656 725 7 725 787 12 787 835 4 835 928 11 928 973 10 973 1066 1 1066 1165 3 1165 1257 0 1257 1340 
11 0 47 3 167 190 9 204 264 12 264 284 0 365 380 4 380 475 5 475 553 8 553 635 2 778 846 7 846 852 6 945 988 14 988 1071 13 1071 1078 1 1165 1198 10 1198 1271 
5 29 90 6 90 165 0 339 365 12 365 396 9 401 490 10 794 884 14 884 971 1 971 1022 13 1022 1038 7 1038 1118 11 1118 1185 2 1185 1220 8 1220 1235 4 1235 1331 3 1331 1340 
10 0 90 1 90 164 13 164 215 0 244 254 5 264 295 4 313 349 14 353 390 3 533 626 12 707 787 6 787 872 8 872 928 7 928 935 2 966 1005 9 1012 1018 11 1243 1330 
5 0 29 12 29 94 3 94 167 1 167 198 7 198 250 13 323 340 10 340 431 11 555 589 8 635 718 2 718 724 4 724 800 6 872 945 0 1062 1158 9 1158 1171 14 1171 1268 
9 0 5 0 5 99 8 115 211 4 211 232 3 234 264 11 264 315 14 319 353 13 353 442 2 442 492 12 492 525 6 525 593 10 593 682 1 682 773 5 1001 1015 7 1121 1178 
4 0 78 10 90 117 6 165 185 1 198 286 0 286 339 7 339 388 5 388 471 11 471 555 9 568 656 13 656 674 3 674 706 14 852 864 2 864 946 8 1013 1021 12 1187 1283 
13 0 28 12 94 156 4 156 179 2 179 261 14 261 277 9 277 318 6 318 322 1 475 553 11 589 617 0 628 638 10 682 731 7 852 914 8 928 1013 3 1013 1069 5 1069 1099 
9 174 204 3 204 234 2 261 301 4 349 378 13 442 501 12 525 558 1 636 643 11 643 703 0 734 827 5 939 1001 8 1021 1087 14 1087 1107 7 1118 1121 10 1121 1156 6 1262 1328 
8 0 85 14 85 142 12 156 253 4 253 313 11 315 318 3 318 371 0 380 445 9 490 568 5 583 633 10 766 794 1 794 873 13 873 903 2 946 966 6 988 1012 7 1178 1185 
7 0 32 8 85 115 9 115 174 5 248 264 2 492 546 0 546 628 1 628 636 6 636 690 14 839 844 13 844 861 3 930 960 4 970 1022 12 1022 1112 10 1112 1118 11 1185 1243 
6 0 18 5 90 178 0 178 244 11 244 252 14 277 319 2 319 405 7 405 466 10 466 546 13 557 620 4 620 699 8 718 796 9 796 841 1 1022 1040 3 1069 1096 12 1112 1187 
10 117 118 5 178 248 13 248 323 9 335 401 1 418 475 3 475 533 7 533 568 14 568 636 2 636 657 12 657 707 11 707 776 4 928 970 0 970 1062 8 1087 1175 6 1175 1262 
11 47 90 13 90 111 8 211 302 5 302 367 1 367 418 6 418 509 4 509 608 7 608 707 0 707 734 10 734 766 14 766 839 3 839 930 9 930 1012 2 1220 1288 12 1288 1332 
