15 15
1517
11 90 165 7 165 174 8 359 372 10 372 380 9 380 397 12 526 603 3 603 697 2 697 751 14 901 909 1 909 927 5 1117 1204 6 1283 1320 4 1320 1362 0 1362 1432 13 1432 1467 
2 0 4 8 372 459 14 459 485 6 650 669 7 669 731 12 733 781 13 781 837 9 837 906 4 906 999 5 1041 1067 11 1067 1112 10 1112 1205 1 1205 1304 3 1304 1396 0 1432 1515 
11 0 47 3 102 125 9 261 321 12 409 429 0 429 444 8 459 541 4 541 636 7 731 737 5 963 1041 2 1041 1109 14 1133 1216 6 1216 1259 1 1304 1337 13 1347 1354 10 1389 1462 
5 29 90 6 90 165 0 352 378 12 429 460 9 568 657 10 956 1046 14 1046 1133 1 1133 1184 11 1184 1251 7 1251 1331 13 1331 1347 2 1347 1382 8 1382 1397 4 1397 1493 3 1493 1502 
1 0 74 10 74 164 4 202 238 0 244 254 13 254 305 14 379 416 5 416 447 12 653 733 3 755 848 8 848 904 6 955 1040 7 1051 1058 2 1211 1250 9 1250 1256 11 1338 1425 
5 0 29 3 29 102 7 102 154 1 154 185 12 185 250 10 380 471 13 471 488 11 496 530 8 541 624 2 624 630 4 814 890 6 1040 1113 0 1248 1344 14 1354 1451 9 1451 1464 
9 0 5 0 5 99 4 101 122 8 172 268 11 294 345 14 345 379 3 379 409 2 409 459 12 460 493 13 493 582 6 582 650 1 650 741 10 741 830 7 1334 1391 5 1451 1465 
4 0 78 10 164 191 1 191 279 6 279 299 0 299 352 7 352 401 11 412 496 9 735 823 3 848 880 5 880 963 8 989 997 14 997 1009 2 1109 1191 13 1191 1209 12 1277 1373 
13 0 28 4 78 101 14 101 117 2 117 199 12 250 312 6 312 316 9 321 362 1 467 545 11 545 573 10 830 879 0 879 889 8 904 989 7 989 1051 3 1076 1132 5 1465 1495 
3 125 155 9 231 261 2 261 301 4 301 330 12 493 526 1 603 610 11 610 670 13 670 729 8 997 1063 0 1063 1156 7 1331 1334 14 1334 1354 10 1354 1389 5 1389 1451 6 1451 1517 
14 0 57 8 57 142 4 142 202 12 312 409 11 409 412 0 444 509 3 509 562 9 657 735 1 741 820 10 928 956 5 1067 1117 2 1191 1211 13 1228 1258 6 1259 1283 7 1391 1398 
7 0 32 8 142 172 9 172 231 5 262 278 2 459 513 0 513 595 1 595 603 14 896 901 6 901 955 12 955 1045 3 1046 1076 10 1205 1211 13 1211 1228 4 1228 1280 11 1280 1338 
6 0 18 5 90 178 0 178 244 14 244 286 11 286 294 2 301 387 7 401 462 10 471 551 8 624 702 4 735 814 13 837 900 9 906 951 1 1184 1202 12 1202 1277 3 1277 1304 
10 191 192 5 192 262 13 305 380 1 410 467 7 467 502 9 502 568 2 568 589 12 603 653 3 697 755 14 755 823 11 823 892 4 999 1041 0 1156 1248 8 1248 1336 6 1336 1423 
11 47 90 13 90 111 8 268 359 1 359 410 6 410 501 7 502 601 4 636 735 5 735 800 14 823 896 10 896 928 0 928 955 3 955 1046 9 1046 1128 2 1382 1450 12 1450 1494 
